cores  bst-ellen  bst-drachsler  bst-natarajan  bst-howley  bst-bronson  bst-seq-ext  bst-seq-int 
1 0.925 2.718 1.540 1.833 1.369 2.423 3.493
3 2.809 7.548 4.660 5.347 3.976 6.924 9.639
5 2.936 11.968 7.687 4.643 6.574 6.885 6.345
7 2.977 16.754 10.367 4.150 9.098 6.978 5.849
9 4.147 18.639 11.959 5.420 11.616 8.048 7.737
11 4.648 13.824 16.015  14.086 9.598 8.907
13  8.922 19.048  13.645 10.048 7.722
15 4.821 6.534 21.150  13.842 10.535 7.793
17 5.165 6.523 23.788 6.201 12.522 11.788 8.498
19 6.164 6.858 26.122 7.255 12.483 13.418 9.488
21 6.561 6.652 26.751 7.644 12.578 14.381 10.050
23 6.777 6.115 28.174 7.927 12.420 14.707 10.118
25 7.197 6.386 24.800 8.321 12.401 15.519 10.513
27 7.518 6.647 22.809 9.037 12.945 15.833 11.191
29 7.966 6.370 21.795 9.091 12.649 19.469 11.577
31  6.612 20.028 9.287 11.851 18.066 12.690
33 8.599 7.333 21.663  11.822 20.480 12.220
35 9.817 7.054 21.192 10.571 12.799 20.420 13.022
