cores  ht-lea  ht-copy  ht-lazy  ht-coupling  ht-pugh  ht-harris  ht-seq 
1 12.905 11.035 7.900 4.353 8.774 7.634 9.684
3 33.018 31.209 22.054 11.741 24.200 21.158 28.757
5 50.067 50.386 36.370 19.386 39.609 34.668 47.806
7 65.571 68.354 49.835 27.270 54.074 47.636 66.496
9 81.463 85.497 63.523 34.397 68.818 60.316 85.318
11 83.084  77.190 42.023 83.493 73.776 103.726
13 81.951 115.998 90.170 49.788 97.312 86.575 118.964
15 63.560  103.217 56.341 110.663 92.752 130.847
17 63.169 57.800 116.004 63.923 113.811 100.489 139.397
19 58.036 98.101 109.472 70.964 130.379 108.988 139.906
21 60.865 105.364 119.824 69.639 119.170 99.172 134.779
23 59.203 94.468 103.000 66.588 106.726 86.172 125.449
25 57.846 95.446 97.815 64.556 104.263 85.673 118.650
27 62.278  96.907 65.714 95.291 82.004 113.260
29 60.100  89.304 65.338 99.004 83.408 109.004
31 65.500 91.648 87.001 65.651 90.394 81.294 104.185
33 62.708 91.145 87.756 65.985 90.653 78.674 114.439
35 63.564 92.341 89.479 66.610 91.729 80.452 103.809
