### params -i2048 -r4096 -u20 / keep median of reps 1 of dur 1000
# Result from 1 repetitions: median
#       ./bin/iccluster029/lf-sl_fraser ./bin/iccluster029/lb-sl_herlihy./bin/iccluster029/lb-sl_optik  ./bin/iccluster029/lb-sl_optik1 ./bin/iccluster029/lb-sl_optik2 
#cores  throughput  %linear scalability throughput  %linear scalability throughput  %linear scalability throughput  %linear scalability throughput  %linear scalability 
1       7181901     100.00  1           7978821     100.00  1           8246416     100.00  1           8107785     100.00  1           8135583     100.00  1           
6       27526158    63.88   3.83        32002843    66.85   4.01        32612019    65.91   3.95        31039895    63.81   3.83        31740512    65.02   3.90        
12      50004083    58.02   6.96        55777769    58.26   6.99        58304358    58.92   7.07        55487763    57.03   6.84        54276455    55.60   6.67        
18      67963128    52.57   9.46        75214773    52.37   9.43        78198045    52.68   9.48        74549309    51.08   9.19        76987725    52.57   9.46        
24      78132789    45.33   10.88       97131652    50.72   12.17       91537716    46.25   11.10       95198646    48.92   11.74       95703628    49.01   11.76       
30      96287354    44.69   13.41       111391701   46.54   13.96       106728522   43.14   12.94       109762279   45.13   13.54       109627287   44.92   13.48       
36      105733255   40.89   14.72       121149374   42.18   15.18       118440763   39.90   14.36       119532966   40.95   14.74       119793564   40.90   14.72       
42      114094848   37.82   15.89       130044667   38.81   16.30       129239221   37.31   15.67       130721754   38.39   16.12       131563462   38.50   16.17       
48      122448586   35.52   17.05       130637171   34.11   16.37       140392941   35.47   17.02       141656412   36.40   17.47       135575987   34.72   16.66       
