### params -i4096 -r8192 -u10 / keep median of reps 1 of dur 1000
# Result from 1 repetitions: median
#       ./bin/diassrv8/lf-sl_fraser     ./bin/diassrv8/lb-sl_herlihy    ./bin/diassrv8/lb-sl_optik      ./bin/diassrv8/lb-sl_optik1     ./bin/diassrv8/lb-sl_optik2     
#cores  throughput  %linear scalability throughput  %linear scalability throughput  %linear scalability throughput  %linear scalability throughput  %linear scalability 
1       4240572     100.00  1           4580726     100.00  1           5033836     100.00  1           5023822     100.00  1           5034459     100.00  1           
6       17545036    68.96   4.14        20733621    75.44   4.53        20259105    67.08   4.02        19724399    65.44   3.93        18688875    61.87   3.71        
12      28731721    56.46   6.78        33461445    60.87   7.30        33540813    55.53   6.66        32164310    53.35   6.40        31566887    52.25   6.27        
18      40993725    53.71   9.67        43176372    52.36   9.43        41080698    45.34   8.16        40544139    44.84   8.07        42349012    46.73   8.41        
24      48331288    47.49   11.40       53212359    48.40   11.62       51887046    42.95   10.31       49695506    41.22   9.89        51094479    42.29   10.15       
30      51854622    40.76   12.23       65250228    47.48   14.24       60978975    40.38   12.11       56990545    37.81   11.34       56554441    37.44   11.23       
36      53441068    35.01   12.60       73159040    44.36   15.97       68045426    37.55   13.52       65584620    36.26   13.05       65202077    35.98   12.95       
42      63339959    35.56   14.94       78610439    40.86   17.16       66493702    31.45   13.21       67566479    32.02   13.45       68903075    32.59   13.69       
48      59802281    29.38   14.10       79260142    36.05   17.30       75037739    31.06   14.91       70827533    29.37   14.10       72459451    29.98   14.39       
