### params -i8192 -r16384 -u1 / keep median of reps 1 of dur 1000
# Result from 1 repetitions: median
#       ./bin/iccluster029/lf-sl_fraser ./bin/iccluster029/lb-sl_herlihy./bin/iccluster029/lb-sl_optik  ./bin/iccluster029/lb-sl_optik1 ./bin/iccluster029/lb-sl_optik2 
#cores  throughput  %linear scalability throughput  %linear scalability throughput  %linear scalability throughput  %linear scalability throughput  %linear scalability 
1       4890937     100.00  1           5480918     100.00  1           5442373     100.00  1           5369939     100.00  1           5437049     100.00  1           
6       27613860    94.10   5.65        29766014    90.51   5.43        29574768    90.57   5.43        29130977    90.41   5.42        29410879    90.16   5.41        
12      51379868    87.54   10.51       56435561    85.81   10.30       56157161    85.99   10.32       53519110    83.05   9.97        56837830    87.12   10.45       
18      73996918    84.05   15.13       78199738    79.26   14.27       75574928    77.15   13.89       75010468    77.60   13.97       82266123    84.06   15.13       
24      89577804    76.31   18.32       107390633   81.64   19.59       99217084    75.96   18.23       94297794    73.17   17.56       105475311   80.83   19.40       
30      107631524   73.35   22.01       121257289   73.75   22.12       121644599   74.50   22.35       121475525   75.40   22.62       122117805   74.87   22.46       
36      118630973   67.38   24.26       147433922   74.72   26.90       133272961   68.02   24.49       135640794   70.16   25.26       137991896   70.50   25.38       
42      135219547   65.83   27.65       152300234   66.16   27.79       154188416   67.46   28.33       154737892   68.61   28.82       148230991   64.91   27.26       
48      145437902   61.95   29.74       172071319   65.41   31.39       168033713   64.32   30.88       167082040   64.82   31.11       169456500   64.93   31.17       
